Name	Coefficient	Coefficient_std_error	Coefficient_P_value
mousebrain-zeisel2018__HBSER5	0.28432933906670044	0.06023494274452771	1.188327226477137e-06
mousebrain-zeisel2018__HBSER2	0.27428784269810197	0.058342183215566966	1.3041060111850545e-06
mousebrain-zeisel2018__HBGLU2	0.2287836244960345	0.054406806186848206	1.3129677676831881e-05
mousebrain-zeisel2018__HBCHO3	0.23055384074685759	0.05514892034236874	1.4624863588789663e-05
mousebrain-zeisel2018__MEGLU14	0.290579044600468	0.07083390984335951	2.0569140667922357e-05
mousebrain-zeisel2018__HBSER4	0.22252857552946534	0.05674528260506262	4.419709325805854e-05
mousebrain-zeisel2018__HBSER1	0.230051677374371	0.061891104796288225	0.00010116666978342629
mousebrain-zeisel2018__HBINH2	0.23927113352939042	0.06650089247541066	0.00016086489453533362
mousebrain-zeisel2018__HBINH4	0.24207159980231815	0.06734739636534605	0.00016312957668952047
mousebrain-zeisel2018__HBSER3	0.23038761590836482	0.0645445672671769	0.00017945731130378367
mousebrain-zeisel2018__HBINH6	0.21241526444202652	0.06030924668708547	0.0002147319797262641
mousebrain-zeisel2018__MEINH3	0.1986324633749206	0.05818088788831061	0.00032090460438202566
mousebrain-zeisel2018__HBCHO4	0.2093514522808355	0.06407762547094094	0.0005444428799934448
mousebrain-zeisel2018__DECHO1	0.17877788785640497	0.05705795560170645	0.0008660878007809476
mousebrain-zeisel2018__DEGLU1	0.13698006575442276	0.04571450007222374	0.0013681504793433097
mousebrain-zeisel2018__PSNP5	0.15539760417534298	0.0530609513519789	0.0017047839239924532
mousebrain-zeisel2018__ENT8	0.16655724230695923	0.05731536925979081	0.001833316216141745
mousebrain-zeisel2018__HBINH5	0.1438057577734529	0.04976068323654046	0.0019294035017321754
mousebrain-zeisel2018__HBCHO2	0.18585905925607626	0.06433845802505378	0.0019366328914065985
mousebrain-zeisel2018__HBGLU3	0.18122168122337934	0.06325428598425677	0.0020882509900402137
mousebrain-zeisel2018__MEINH13	0.19087347697869328	0.06740690853806001	0.002318555862377335
mousebrain-zeisel2018__MOL1	0.14227306718748559	0.05036170928732223	0.0023670950414283846
mousebrain-zeisel2018__MFOL1	0.12140176816568458	0.04357533494773122	0.0026714603134666455
mousebrain-zeisel2018__DEGLU3	0.12362378628414888	0.04872467165392424	0.005592524248796719
mousebrain-zeisel2018__MEGLU2	0.14625117330716744	0.05825604136187451	0.006033624265892694
mousebrain-zeisel2018__MEGLU3	0.17723687060576937	0.07145668185058707	0.006568518211810341
mousebrain-zeisel2018__MOL2	0.11843459890624175	0.04781336886537056	0.006629939365091254
mousebrain-zeisel2018__DEGLU2	0.13110552663392458	0.053227809530810674	0.006892832230150896
mousebrain-zeisel2018__TEINH11	0.12001391676962148	0.0503884196241432	0.008621137925760409
mousebrain-zeisel2018__TEINH12	0.12910742579499718	0.05429505750013646	0.008712594331164503
mousebrain-zeisel2018__MBDOP2	0.1655566240685194	0.06969223276179394	0.008768163337077377
mousebrain-zeisel2018__TEGLU8	0.10890124731681901	0.04596172372329777	0.008915272840178397
mousebrain-zeisel2018__MFOL2	0.10724687253163587	0.04565064069834859	0.009411178128970922
mousebrain-zeisel2018__TEINH3	0.16789521279388372	0.07147209694659158	0.009416095682834984
mousebrain-zeisel2018__HBGLU9	0.13044225914099675	0.055538104949994505	0.009426291229743013
mousebrain-zeisel2018__TEINH1	0.13905855997954097	0.059550849684017054	0.00977531887907743
mousebrain-zeisel2018__TEGLU10	0.1114526981025378	0.04787553464328953	0.00996378860081154
mousebrain-zeisel2018__ENT9	0.11212506223072681	0.04862760655467285	0.010568234903215687
mousebrain-zeisel2018__DEINH3	0.12986853734040776	0.05634897041250017	0.010598227281893585
mousebrain-zeisel2018__TEGLU15	0.12026813285467088	0.05249704505034468	0.010990315096768231
mousebrain-zeisel2018__TEGLU5	0.12679020330030316	0.055863077380476	0.011621452447822785
mousebrain-zeisel2018__TECHO	0.1481124921579369	0.0672441448765516	0.01381907528795844
mousebrain-zeisel2018__MEGLU6	0.12614256066499382	0.05772984499016783	0.014450632004220481
mousebrain-zeisel2018__SYCHO2	0.12958246803660756	0.05944910839565041	0.014647135163473834
mousebrain-zeisel2018__HBGLU6	0.10824120593747269	0.049826889634752076	0.014922933064756288
mousebrain-zeisel2018__PSNP3	0.10442422801465145	0.048302901375651686	0.01532258795047274
mousebrain-zeisel2018__MOL3	0.09927091268891794	0.04627573289524507	0.01597657268443189
mousebrain-zeisel2018__TEGLU9	0.12236229458941512	0.05710831169841236	0.016079534256116152
mousebrain-zeisel2018__DEGLU4	0.13052047774724515	0.0631417044907398	0.01937107210472081
mousebrain-zeisel2018__SCINH3	0.16020150650390821	0.07773423341724395	0.019665833551400794
mousebrain-zeisel2018__PSNP2	0.11420338532609858	0.05542385706834281	0.01968215196468285
mousebrain-zeisel2018__DEGLU5	0.12483656916510188	0.06059203141988399	0.019694824330611906
mousebrain-zeisel2018__HYPEP3	0.14567815030286987	0.07161577914435434	0.02097672481978782
mousebrain-zeisel2018__TEGLU4	0.09514439034641863	0.047052931318999514	0.021593696723420434
mousebrain-zeisel2018__HBGLU1	0.12604133334093628	0.06262501187151132	0.022085761196043725
mousebrain-zeisel2018__HBGLU8	0.1349063756766491	0.06732902070795174	0.022561061712276224
mousebrain-zeisel2018__NFOL1	0.08853406361994104	0.04582259805680158	0.02668306444839288
mousebrain-zeisel2018__MBDOP1	0.14723430718969627	0.0768717915930337	0.027735542449054754
mousebrain-zeisel2018__PSPEP6	0.12235592919241568	0.06609471249490072	0.03207908749139749
mousebrain-zeisel2018__SYCHO1	0.12911854490010255	0.06983128513943207	0.03223861632486326
mousebrain-zeisel2018__PSNF2	0.1084273344827587	0.05961948397463706	0.034492326832970696
mousebrain-zeisel2018__DEINH2	0.11681551174668134	0.06441249644817078	0.034883631130683455
mousebrain-zeisel2018__HBADR	0.1200276070631579	0.0662931787610724	0.03511509439256598
mousebrain-zeisel2018__PSPEP3	0.09838983442707575	0.054944930358974416	0.036681284145705484
mousebrain-zeisel2018__SYNOR4	0.09560280783312534	0.05341115329563069	0.036742192156827086
mousebrain-zeisel2018__PSPEP7	0.11293155109260522	0.06450274912187633	0.04000062905992942
mousebrain-zeisel2018__MEGLU11	0.10160383346365275	0.05836166189520288	0.04085818863169448
mousebrain-zeisel2018__SYNOR3	0.0859452300216823	0.04949152546976454	0.04124270479262376
mousebrain-zeisel2018__TEINH13	0.09963626092232206	0.05803552882722732	0.0430172341100785
mousebrain-zeisel2018__PSPEP2	0.09063979843766644	0.05351702633376308	0.045175482521206206
mousebrain-zeisel2018__HBGLU7	0.0851364810570205	0.05049385855056427	0.04590140002284316
mousebrain-zeisel2018__HYPEP6	0.12173327335078554	0.07276092573845017	0.04716875037548564
mousebrain-zeisel2018__PSNF3	0.10164850490882765	0.06075637699478152	0.04716949247758887
mousebrain-zeisel2018__MEINH2	0.08976746223238076	0.05480281010288075	0.05072088029994116
mousebrain-zeisel2018__SYNOR1	0.09271400580468123	0.05772452057110448	0.054131867804940836
mousebrain-zeisel2018__TEINH21	0.0980493038917299	0.06128418832893992	0.054820013510316165
mousebrain-zeisel2018__MEINH4	0.105991205288519	0.06747758603086589	0.05812997866106084
mousebrain-zeisel2018__PSNP6	0.07692778748106772	0.04925167993620704	0.05916294522874829
mousebrain-zeisel2018__SYNOR2	0.09129409178797131	0.05904583986055658	0.06104439429870909
mousebrain-zeisel2018__HYPEP1	0.10188799987111015	0.06670651655538891	0.06334088426362006
mousebrain-zeisel2018__MEINH8	0.11781669713711733	0.07774786680675927	0.06485046587533327
mousebrain-zeisel2018__HBCHO1	0.11054903930142661	0.07344308047432457	0.06614288254110164
mousebrain-zeisel2018__DEINH1	0.08895566925877511	0.05979232415234332	0.06842014597810293
mousebrain-zeisel2018__TEGLU16	0.08856764048132845	0.0596974454654581	0.06896732629677794
mousebrain-zeisel2018__PSNP4	0.08625744039674514	0.05948156255714214	0.07351862884908773
mousebrain-zeisel2018__PSPEP8	0.09520441951619942	0.06641721224846615	0.07587834488187675
mousebrain-zeisel2018__TEGLU13	0.07930359543477676	0.05552531774965134	0.07662192330688915
mousebrain-zeisel2018__HBGLU4	0.1037090983699826	0.07363748710597723	0.07952100323169084
mousebrain-zeisel2018__MEGLU1	0.07918122060932209	0.05627503266905021	0.0797185422937095
mousebrain-zeisel2018__HBINH9	0.09459602130485993	0.06729607091249352	0.07992194372635196
mousebrain-zeisel2018__MEGLU5	0.07971260749090409	0.05684196130335758	0.08041539702977601
mousebrain-zeisel2018__TEGLU23	0.06783483252706887	0.048844877804551885	0.08246041798494841
mousebrain-zeisel2018__TEGLU21	0.08020034876551824	0.05853728562211121	0.08534273664455429
mousebrain-zeisel2018__MEGLU10	0.0793983263341011	0.05894321617196408	0.08899574252582357
mousebrain-zeisel2018__MEGLU9	0.08145494887681455	0.06085270056313234	0.09036764016355503
mousebrain-zeisel2018__TEGLU2	0.07054708708847286	0.05345702853931223	0.09347855346194298
mousebrain-zeisel2018__TEGLU11	0.05942424026698462	0.04711097225687597	0.1035984715104332
mousebrain-zeisel2018__PSPEP5	0.0845427356564401	0.06745470722183528	0.10505371139342826
mousebrain-zeisel2018__TEGLU6	0.06730489659284229	0.05495913979580796	0.11036635276598417
mousebrain-zeisel2018__HBINH3	0.08427132694857173	0.06888535006325104	0.11060756960505955
mousebrain-zeisel2018__HBNOR	0.086794016323994	0.07212423071371561	0.11442141901333598
mousebrain-zeisel2018__TEINH18	0.06298098540221041	0.0527033340225096	0.11605148249238809
mousebrain-zeisel2018__PSNP1	0.05789506143685672	0.0486685719179229	0.117115944304895
mousebrain-zeisel2018__HBINH8	0.08723874413473397	0.07586599901284015	0.12510089176825887
mousebrain-zeisel2018__HBGLU5	0.06404237153474025	0.05585239062848038	0.1257755211327185
mousebrain-zeisel2018__TEGLU17	0.0550183590124407	0.04872445636102429	0.12942174139372636
mousebrain-zeisel2018__DEINH5	0.07606194256095986	0.06829267761516317	0.13269945052826798
mousebrain-zeisel2018__NFOL2	0.05486827890985735	0.051054719401143214	0.1412645217269272
mousebrain-zeisel2018__MEGLU8	0.06585496596052466	0.06202762249276159	0.14419396335178164
mousebrain-zeisel2018__TEINH19	0.05383885362673344	0.05164635085749967	0.14860976790537533
mousebrain-zeisel2018__TEGLU18	0.051333386988190344	0.050021153969433074	0.15239935852386224
mousebrain-zeisel2018__HYPEP4	0.08164281661445233	0.08063813817969466	0.1556677896746728
mousebrain-zeisel2018__MEINH7	0.0724737861775336	0.07196699622808611	0.15696574880649267
mousebrain-zeisel2018__HBGLU10	0.07089245241154153	0.07085370511223281	0.15853135856160558
mousebrain-zeisel2018__PSNF1	0.058466263243283204	0.05912795226043386	0.16138654519173973
mousebrain-zeisel2018__MEINH10	0.05171909305837236	0.052475618685394604	0.16217708691128235
mousebrain-zeisel2018__PSPEP4	0.05402850916955776	0.05502706335547403	0.1630942736310721
mousebrain-zeisel2018__TEINH10	0.05240571265009247	0.05498259925468378	0.17026940985235178
mousebrain-zeisel2018__HBINH7	0.05728707087228634	0.06825000540222026	0.20063755072436773
mousebrain-zeisel2018__MBCHO1	0.05270770039489369	0.06326833592987534	0.2024061911599241
mousebrain-zeisel2018__TEGLU24	0.03728248810416968	0.046550836303124586	0.21160184377767383
mousebrain-zeisel2018__ENT6	0.043805792191707923	0.0559354417322988	0.21677620329737324
mousebrain-zeisel2018__COP2	0.04128307372878805	0.05281545504805381	0.21721726775356553
mousebrain-zeisel2018__ENT2	0.040966255636261655	0.052953755792069304	0.21958315523026345
mousebrain-zeisel2018__MEINH5	0.050984720823067604	0.06593728242402265	0.21969931246578273
mousebrain-zeisel2018__COP1	0.03685887952255035	0.04913696130267525	0.2265957297176946
mousebrain-zeisel2018__TEINH6	0.05547419128007148	0.07420261824153197	0.22735555085057646
mousebrain-zeisel2018__DEINH4	0.05398747415473927	0.0723953352798036	0.22792092286531912
mousebrain-zeisel2018__MSN1	0.03117813295742104	0.04643296686048858	0.2509674086820798
mousebrain-zeisel2018__TEGLU14	0.03857722133410372	0.06283638574745308	0.2696352185789217
mousebrain-zeisel2018__MEINH12	0.04946783613439618	0.0812222294850129	0.27125274159939394
mousebrain-zeisel2018__CBINH2	0.04849642994647871	0.08053000522248052	0.27352003148764537
mousebrain-zeisel2018__TEGLU7	0.027452799908262198	0.04568349990831653	0.27394646503952624
mousebrain-zeisel2018__OBINH5	0.045415195817347515	0.07700518675325663	0.2776777155049581
mousebrain-zeisel2018__SCGLU10	0.04677819690292529	0.08081540442403706	0.2813572296410412
mousebrain-zeisel2018__ACOB	0.02814261030755185	0.04900390657084267	0.2828891834716371
mousebrain-zeisel2018__PSPEP1	0.033764831088508196	0.05900183589683111	0.283574853744205
mousebrain-zeisel2018__OBINH1	0.03953203995472689	0.06981708964573946	0.28562551318314666
mousebrain-zeisel2018__MEINH6	0.03875692935581659	0.07079587122772354	0.2920403533348451
mousebrain-zeisel2018__ACTE2	0.02592623716295025	0.050387390602146746	0.3034418230020547
mousebrain-zeisel2018__TEINH20	0.03015940038077905	0.060220925529649666	0.30825531777492476
mousebrain-zeisel2018__MEINH14	0.04551546782120728	0.09384106571421494	0.31383221488037644
mousebrain-zeisel2018__TEGLU20	0.028922751664591826	0.06094326092111677	0.31754502682767516
mousebrain-zeisel2018__HBINH1	0.03667489556155885	0.08204936280063257	0.3274460322895241
mousebrain-zeisel2018__ACNT2	0.02023241552046566	0.049587106529570185	0.3416333807190072
mousebrain-zeisel2018__ACTE1	0.020655633298543488	0.05123032277832625	0.34340664583897773
mousebrain-zeisel2018__CBNBL2	0.03131360107967817	0.07975706928627638	0.34730585262824376
mousebrain-zeisel2018__HYPEP7	0.03404279986449142	0.08989416051922695	0.3524586043560196
mousebrain-zeisel2018__TEGLU1	0.019218119547323234	0.058846285217432015	0.37199451485001545
mousebrain-zeisel2018__ENT3	0.016650377108234915	0.05121083431722656	0.37254223336088255
mousebrain-zeisel2018__ACNT1	0.016313483006962778	0.05179238523392622	0.3763913027347552
mousebrain-zeisel2018__SYNOR5	0.019447888998313075	0.06414163696075038	0.38087005179744615
mousebrain-zeisel2018__OBDOP1	0.020181387902692468	0.06891835580929866	0.38482801160658625
mousebrain-zeisel2018__DECHO2	0.01930943397671746	0.06618433353850475	0.38524009314217705
mousebrain-zeisel2018__OBINH4	0.019319671432983757	0.06876509324026221	0.3893757293287343
mousebrain-zeisel2018__MEGLU7	0.016506015730977593	0.06304239708932463	0.39673041777384677
mousebrain-zeisel2018__SZNBL	0.011631192167990785	0.048880624733979354	0.4059612505382191
mousebrain-zeisel2018__ENT4	0.011006348116572105	0.050112182957629425	0.4130795897017146
mousebrain-zeisel2018__HYPEP5	0.015348684399128412	0.07054615375141059	0.41388385294856095
mousebrain-zeisel2018__HYPEP8	0.016587609802356826	0.07916762842847747	0.41702062897512215
mousebrain-zeisel2018__TEINH17	0.010977558010533534	0.055860264408308935	0.42210368315221175
mousebrain-zeisel2018__TEINH9	0.011333812426176043	0.062482621822653406	0.4280314452148796
mousebrain-zeisel2018__MSN4	0.009020398995063364	0.050427155111030235	0.42901730177906555
mousebrain-zeisel2018__SCGLU8	0.01516987271010474	0.0868840221105337	0.43069855041043803
mousebrain-zeisel2018__SCGLU1	0.015458403612044353	0.08874637092052376	0.4308607412363814
mousebrain-zeisel2018__TEGLU19	0.010231854353950232	0.06233942073141794	0.43481501462863414
mousebrain-zeisel2018__TEINH14	0.00955617760801982	0.06048412161209136	0.43723154818237214
mousebrain-zeisel2018__ABC	0.007596786285729035	0.05030915208597504	0.4399880960333916
mousebrain-zeisel2018__DEINH6	0.01234736276660087	0.08922539329554668	0.44496945474785776
mousebrain-zeisel2018__MSN2	0.00640962099054144	0.04797233771386585	0.44685611569894385
mousebrain-zeisel2018__TEINH16	0.0066368214066770985	0.05301489913499971	0.45018828912989994
mousebrain-zeisel2018__ENT5	0.0039099050457761025	0.05311896461470573	0.470662230069534
mousebrain-zeisel2018__TEGLU12	0.003928985988011068	0.05340092490330952	0.47067469594125644
mousebrain-zeisel2018__MEINH9	0.0034282409401689275	0.058548209329833116	0.4766540190114544
mousebrain-zeisel2018__DEINH8	-0.00583470984753926	0.0861826787975285	0.5269879641807662
mousebrain-zeisel2018__DEINH7	-0.006156222976469759	0.08390304465854338	0.5292448631022213
mousebrain-zeisel2018__SCINH8	-0.006625487592037594	0.07196663077281967	0.5366754986348855
mousebrain-zeisel2018__SCINH5	-0.008686812904565279	0.07175865108477106	0.5481758038915645
mousebrain-zeisel2018__MSN3	-0.0070422031215046765	0.0520499925704779	0.553810491579591
mousebrain-zeisel2018__TEINH15	-0.008434859753279105	0.05167939868647871	0.5648243294288762
mousebrain-zeisel2018__OBNBL4	-0.013975777584930911	0.08142493985791549	0.5681385209947855
mousebrain-zeisel2018__SCINH2	-0.013800029187150478	0.0792700897693937	0.5691009128715817
mousebrain-zeisel2018__CBINH1	-0.01222493791689798	0.062472440756496064	0.5775703736701479
mousebrain-zeisel2018__ENT1	-0.014967201775535994	0.07296969115966695	0.581257540182591
mousebrain-zeisel2018__OBNBL1	-0.013955249237212178	0.06377445881683828	0.5866040645625403
mousebrain-zeisel2018__TEINH4	-0.01499763995197626	0.06482053368833413	0.5914853516434655
mousebrain-zeisel2018__CBNBL1	-0.022808102693662145	0.07495177998648074	0.6195495349942534
mousebrain-zeisel2018__OBINH2	-0.016718334966755517	0.05468430118777642	0.620090615051351
mousebrain-zeisel2018__ACMB	-0.01728700888132254	0.04785929760924781	0.6410241841813928
mousebrain-zeisel2018__CBGRC	-0.027218757545761446	0.07133507049877451	0.6486040798735284
mousebrain-zeisel2018__ENT7	-0.024852670437747852	0.06464465407444928	0.649674882027159
mousebrain-zeisel2018__TEGLU22	-0.02146849941172659	0.0492485068847722	0.66855001594445
mousebrain-zeisel2018__SCINH10	-0.039322942386376854	0.08343029141746465	0.681292788411633
mousebrain-zeisel2018__TEINH7	-0.0348627077971685	0.0731281581608801	0.6832207526832621
mousebrain-zeisel2018__TEINH5	-0.03265570272057324	0.06384797384468571	0.6954816883514985
mousebrain-zeisel2018__OBINH3	-0.03260531839670577	0.06266692741275189	0.6985671800175186
mousebrain-zeisel2018__SCINH7	-0.043511310630986004	0.07731832737918087	0.7131949184259474
mousebrain-zeisel2018__DGNBL2	-0.03149685946985556	0.0557266945265115	0.7140275395293836
mousebrain-zeisel2018__PVM1	-0.02870076439267045	0.05049764404269151	0.7150997880377423
mousebrain-zeisel2018__OBDOP2	-0.038587478156890884	0.06780844710399417	0.7153398755903437
mousebrain-zeisel2018__SCGLU2	-0.04708380339413516	0.08198385930911012	0.7171150685763771
mousebrain-zeisel2018__ACBG	-0.03319573001814195	0.05622835958245727	0.722525217999725
mousebrain-zeisel2018__RGDG	-0.03889405195584382	0.06273470291365639	0.7323585277157063
mousebrain-zeisel2018__TEGLU3	-0.03202706052752518	0.04919297499795882	0.7424875385052064
mousebrain-zeisel2018__TEINH2	-0.03648118323239598	0.054611014005262984	0.7479338542462779
mousebrain-zeisel2018__SEPNBL	-0.06062956238072458	0.08720670084715147	0.7565418576825232
mousebrain-zeisel2018__CBPC	-0.049930916886779725	0.06977074326753523	0.7628881794288842
mousebrain-zeisel2018__OBNBL3	-0.04496275210892899	0.05856610584582252	0.7786688742765606
mousebrain-zeisel2018__MGL1	-0.03971797362758126	0.051732341110071585	0.7786785448357012
mousebrain-zeisel2018__MEINH1	-0.0630319604610095	0.07985449672578437	0.7850354355119336
mousebrain-zeisel2018__OPC	-0.0407221580060601	0.04879997207201908	0.7979852577035491
mousebrain-zeisel2018__OBNBL5	-0.06397597797688605	0.06997251293880907	0.8197131527020369
mousebrain-zeisel2018__PVM2	-0.04821964436383641	0.052132140350356515	0.8224964092995718
mousebrain-zeisel2018__HYPEP2	-0.07573561869722611	0.08034836385230165	0.8270469504390028
mousebrain-zeisel2018__SCGLU4	-0.06481072201614832	0.06593844001086976	0.837162789937453
mousebrain-zeisel2018__SCINH6	-0.06556220188870054	0.06608389699804033	0.8394186613163357
mousebrain-zeisel2018__ENTG5	-0.04439331625979103	0.044428505961876016	0.8411446345378425
mousebrain-zeisel2018__MEGLU4	-0.06489919946553267	0.06322954191605425	0.8476413352489974
mousebrain-zeisel2018__SCINH1	-0.08870820997972464	0.08049858401566096	0.8647566489578806
mousebrain-zeisel2018__MSN5	-0.06599482348783467	0.05970483407540727	0.8654871091284513
mousebrain-zeisel2018__SATG2	-0.053201371507641315	0.046989703070816395	0.8712137519039793
mousebrain-zeisel2018__SATG1	-0.0701797456588204	0.06148549852246215	0.8731394404628603
mousebrain-zeisel2018__RGSZ	-0.0680171567863635	0.05886281169785529	0.8760516569235205
mousebrain-zeisel2018__MGL2	-0.06351299658824563	0.05043830350133947	0.8960146425788146
mousebrain-zeisel2018__VSMCA	-0.06768212440081355	0.05279817790105648	0.9000512982343362
mousebrain-zeisel2018__DGGRC1	-0.07104299917349215	0.05480251922655559	0.9025613888577988
mousebrain-zeisel2018__SCGLU9	-0.096201538206921	0.07349936545151449	0.904701353931723
mousebrain-zeisel2018__OBNBL2	-0.08770513654005581	0.06611597178362999	0.9076581875037353
mousebrain-zeisel2018__DGNBL1	-0.08845694562374706	0.06610613786747813	0.9095583263922278
mousebrain-zeisel2018__CHOR	-0.06174558115557529	0.04445694470017521	0.9175554070281573
mousebrain-zeisel2018__ENTG6	-0.06309241400955272	0.04532310997134279	0.9180369038122883
mousebrain-zeisel2018__VECA	-0.07093637252118065	0.048967918118633165	0.926268595656123
mousebrain-zeisel2018__SCINH9	-0.1131727711934298	0.07717968667219255	0.928713213911004
mousebrain-zeisel2018__MGL3	-0.07277718301347642	0.049560847153819185	0.9289968678374442
mousebrain-zeisel2018__ENMFB	-0.08210268253146685	0.05558319886221196	0.9301664484652928
mousebrain-zeisel2018__TEINH8	-0.11633900418325786	0.07765371905790752	0.9329454025636912
mousebrain-zeisel2018__VLMC1	-0.08239196888471867	0.053856467965108894	0.9369613015614187
mousebrain-zeisel2018__EPMB	-0.10014145846219343	0.0606833723197095	0.950541054403772
mousebrain-zeisel2018__MEINH11	-0.13406366290612154	0.08095096584602601	0.9511392988119964
mousebrain-zeisel2018__PER3	-0.09864339863004984	0.058596575610702376	0.9538435117115414
mousebrain-zeisel2018__SCGLU3	-0.12832500402088173	0.07509420738836482	0.9562502033116123
mousebrain-zeisel2018__DETPH	-0.14683802711645352	0.07915247314007778	0.9682008813274469
mousebrain-zeisel2018__VECV	-0.083485112846782	0.043865559993647885	0.9714830943483931
mousebrain-zeisel2018__SCGLU7	-0.16466422895193034	0.08489595629108009	0.9737761256388764
mousebrain-zeisel2018__OEC	-0.0985109463390888	0.050579870830536056	0.9742607711816342
mousebrain-zeisel2018__SCINH4	-0.16344063736589345	0.08274188656516224	0.9758738286790659
mousebrain-zeisel2018__SCGLU6	-0.1394890272861869	0.06995692917054863	0.9769105981305257
mousebrain-zeisel2018__PER1	-0.08555756685852847	0.04213807225163425	0.9788334077366256
mousebrain-zeisel2018__SCGLU5	-0.13350715406364838	0.0642873616812444	0.981077682240056
mousebrain-zeisel2018__DGGRC2	-0.11133906121872843	0.05223535405722568	0.9834671159403247
mousebrain-zeisel2018__SCHW	-0.14094522586487637	0.06556200026890067	0.9842062139984761
mousebrain-zeisel2018__ENTG4	-0.0940611121223496	0.042825099201911535	0.9859604613060239
mousebrain-zeisel2018__VLMC2	-0.10968651718039107	0.048552738697065896	0.9880546411875061
mousebrain-zeisel2018__CR	-0.17098255480232133	0.07261954315351749	0.9907194582656663
mousebrain-zeisel2018__ENTG1	-0.11425474367128824	0.044657722002048615	0.9947380083670082
mousebrain-zeisel2018__ENTG2	-0.1193052802831841	0.04376959430729602	0.9967884183232554
mousebrain-zeisel2018__EPEN	-0.10749262381626797	0.03930483258755978	0.9968757052503413
mousebrain-zeisel2018__ENTG3	-0.11992229878804145	0.04374371261167182	0.9969380318870994
mousebrain-zeisel2018__ENTG7	-0.12467617980666085	0.043888835349282986	0.9977463028516619
mousebrain-zeisel2018__PER2	-0.12475379234200946	0.0436211755520351	0.9978783296284733
mousebrain-zeisel2018__MSN6	-0.20889114814627693	0.07065652708091405	0.9984413708884758
mousebrain-zeisel2018__EPSC	-0.13659052374389646	0.04594180671397127	0.9985236198229328
mousebrain-zeisel2018__SCINH11	-0.23483756735840658	0.07582308526971977	0.9990212611993861
mousebrain-zeisel2018__VECC	-0.15121607922448616	0.04606740076785599	0.9994843151668024
mousebrain-zeisel2018__HYPEN	-0.18226719046587914	0.05377256464776714	0.9996490820930356
